0 0.117546 0.316617 0.052776 0.108446
0 0.067512 0.174663 0.051405 0.187648
0 0.036669 0.212436 0.025360 0.085294
0 0.013708 0.162478 0.023304 0.158404
0 0.082591 0.096680 0.022618 0.041429
0 0.027416 0.075965 0.021933 0.036555
0 0.206648 0.066827 0.022618 0.035336
0 0.397875 0.132625 0.040439 0.147437
0 0.596299 0.192331 0.030158 0.064580
0 0.357094 0.163087 0.020562 0.064580
0 0.321453 0.121659 0.034270 0.127942
0 0.280329 0.121049 0.015079 0.051177
0 0.281700 0.096070 0.016450 0.035336
0 0.347498 0.082058 0.021933 0.031681
0 0.345099 0.058906 0.014393 0.017059
0 0.435230 0.064390 0.016450 0.025588
0 0.446196 0.053423 0.015079 0.030462
0 0.552776 0.063171 0.014393 0.042647
0 0.604181 0.050986 0.008910 0.025588
0 0.669637 0.060734 0.017820 0.037773
0 0.748801 0.047331 0.017135 0.040210
0 0.786155 0.057688 0.019191 0.041429
0 0.932831 0.064390 0.017820 0.037773
0 0.950994 0.049768 0.015764 0.032899
0 0.966415 0.213655 0.039753 0.080420