0 0.156271 0.950232 0.063057 0.098698
0 0.198081 0.635252 0.063057 0.160841
0 0.177176 0.479286 0.051405 0.099916
0 0.135709 0.364748 0.038382 0.080420
0 0.073681 0.322100 0.036326 0.070672
0 0.021933 0.289810 0.013708 0.069454
0 0.035298 0.181974 0.017135 0.051177
0 0.076080 0.197814 0.023304 0.038992
0 0.108636 0.203298 0.021247 0.052395
0 0.152159 0.217919 0.024674 0.045084
0 0.208362 0.229495 0.028787 0.056051
0 0.279301 0.245945 0.032214 0.064580
0 0.379369 0.268487 0.029472 0.070672
0 0.446196 0.314789 0.037012 0.073109
0 0.600069 0.392773 0.043180 0.114538
0 0.779986 0.548130 0.052090 0.140126
0 0.969157 0.905757 0.061686 0.180337