0 0.102467 0.589559 0.037697 0.064580
0 0.125428 0.555441 0.020562 0.054832
0 0.752913 0.803404 0.073338 0.141345
0 0.675463 0.657185 0.077450 0.246135
0 0.570939 0.638908 0.026045 0.087731
0 0.611035 0.573719 0.025360 0.052395
0 0.581905 0.526807 0.019191 0.034118
0 0.394791 0.567017 0.026045 0.043866
0 0.337560 0.541429 0.018506 0.046303
0 0.309801 0.523761 0.017820 0.037773
0 0.841672 0.535336 0.017820 0.038992
0 0.916724 0.514013 0.019877 0.028025
0 0.729267 0.546303 0.020562 0.036555
0 0.730637 0.520714 0.019191 0.021933
0 0.136395 0.533508 0.017820 0.035336