0 0.060658 0.460399 0.030843 0.064580
0 0.004112 0.337332 0.006854 0.040210
0 0.047978 0.344033 0.013708 0.024370
0 0.118574 0.323928 0.008225 0.020714
0 0.137766 0.330021 0.010966 0.025588
0 0.113091 0.397038 0.017820 0.045084
0 0.177519 0.344642 0.010966 0.030462
0 0.221385 0.323928 0.010966 0.020714
0 0.229952 0.314789 0.006169 0.017059
0 0.305003 0.374495 0.019191 0.036555
0 0.290610 0.523151 0.043866 0.080420
0 0.282042 0.319054 0.010281 0.015840
0 0.317683 0.309915 0.006169 0.014622
0 0.340987 0.318445 0.011652 0.019496
0 0.401988 0.402521 0.026731 0.046303
0 0.408842 0.349516 0.015764 0.037773
0 0.391021 0.314789 0.008910 0.019496
0 0.370117 0.308697 0.010966 0.019496
0 0.422207 0.305651 0.010966 0.023151
0 0.419808 0.319663 0.010281 0.019496
0 0.441741 0.337332 0.007539 0.028025
0 0.457162 0.323319 0.008225 0.029244
0 0.452707 0.331848 0.011652 0.024370
0 0.698081 0.511576 0.037697 0.101135
0 0.941398 0.376932 0.026731 0.051177
0 0.944825 0.303823 0.007539 0.021933
0 0.919123 0.308088 0.013708 0.025588
0 0.825908 0.308088 0.009596 0.018277
0 0.667581 0.401912 0.027416 0.047521
0 0.734750 0.364748 0.019191 0.036555
0 0.599726 0.344033 0.013708 0.036555
0 0.480466 0.299558 0.009596 0.018277
0 0.488691 0.294075 0.008225 0.026807
0 0.576765 0.333676 0.008910 0.035336
0 0.616861 0.308697 0.010966 0.021933
0 0.626114 0.296512 0.014393 0.019496
0 0.672721 0.304432 0.011652 0.015840
0 0.721385 0.298949 0.011652 0.021933
0 0.741604 0.305042 0.008225 0.019496
0 0.568540 0.326974 0.008910 0.021933
0 0.585675 0.311134 0.008910 0.021933
0 0.578478 0.304432 0.008225 0.018277
0 0.582248 0.293466 0.014393 0.023151