0 0.037354 0.657185 0.069225 0.165715
0 0.175805 0.430546 0.054147 0.107227
0 0.211446 0.340987 0.037697 0.093824
0 0.250514 0.261785 0.033585 0.067017
0 0.236463 0.198424 0.032899 0.054832
0 0.218300 0.169789 0.017135 0.043866
0 0.190541 0.150293 0.021933 0.053614
0 0.232694 0.103991 0.018506 0.038992
0 0.342358 0.111911 0.015764 0.045084
0 0.456134 0.135671 0.021247 0.046303
0 0.513365 0.175272 0.021933 0.049958
0 0.580877 0.235588 0.025360 0.070672
0 0.662440 0.298340 0.034955 0.067017
0 0.761138 0.408613 0.043180 0.102353
0 0.919123 0.612101 0.079507 0.148656