0 0.021247 0.847270 0.042494 0.168152
0 0.194311 0.532290 0.050034 0.115757
0 0.271419 0.415924 0.038382 0.087731
0 0.307060 0.350126 0.030158 0.063362
0 0.334133 0.305042 0.023989 0.053614
0 0.356408 0.272752 0.020562 0.042647
0 0.371830 0.250209 0.013023 0.034118
0 0.383482 0.224621 0.017135 0.036555
0 0.544894 0.225840 0.012337 0.038992
0 0.557916 0.245335 0.013708 0.036555
0 0.566827 0.269705 0.017820 0.048740
0 0.578821 0.301386 0.021247 0.051177
0 0.600069 0.345861 0.025360 0.069454
0 0.632968 0.408613 0.034955 0.087731
0 0.716244 0.542647 0.047978 0.119412
0 0.880740 0.875904 0.089102 0.196177