0 0.100069 0.141764 0.015079 0.036555
0 0.171350 0.118003 0.016450 0.030462
0 0.254284 0.136890 0.020562 0.038992
0 0.356751 0.114957 0.019877 0.031681
0 0.370459 0.150293 0.017135 0.043866
0 0.520905 0.127142 0.020562 0.034118
0 0.698766 0.154558 0.025360 0.047521
0 0.750857 0.138718 0.019877 0.040210
0 0.795065 0.110692 0.015079 0.040210
0 0.972241 0.111911 0.025360 0.040210
0 0.979438 0.153949 0.026045 0.036555
0 0.979438 0.188676 0.034270 0.057269
0 0.989034 0.500609 0.017820 0.071891
0 0.989719 0.591387 0.020562 0.048740
0 0.992803 0.686429 0.014393 0.099916
0 0.294037 0.361092 0.090473 0.277816
0 0.368403 0.381197 0.045922 0.123068
0 0.428718 0.287983 0.069225 0.219328
0 0.472241 0.178318 0.017820 0.056051
0 0.508910 0.228886 0.028101 0.064580