0 0.133653 0.174663 0.032899 0.075546
0 0.237834 0.136890 0.035641 0.048740
0 0.349212 0.181365 0.030843 0.067017
0 0.399589 0.140545 0.020562 0.046303
0 0.413982 0.256911 0.043866 0.076765
0 0.475668 0.095461 0.012337 0.038992
0 0.510281 0.083276 0.017135 0.034118
0 0.517135 0.121659 0.018506 0.040210
0 0.590816 0.074747 0.008225 0.029244
0 0.620631 0.133844 0.019877 0.045084
0 0.637766 0.190503 0.026731 0.065798
0 0.852296 0.338550 0.048663 0.110883
0 0.968472 0.874895 0.063056 0.250209
0 0.968472 0.236197 0.032899 0.076765
0 0.809801 0.125923 0.018506 0.051177
0 0.686772 0.113129 0.021933 0.045084
0 0.625771 0.099117 0.010966 0.034118
0 0.640507 0.083885 0.017135 0.037773
0 0.755997 0.083276 0.023304 0.031681
0 0.685058 0.080839 0.010281 0.019496
0 0.839616 0.073528 0.009596 0.031681
0 0.873201 0.080230 0.015079 0.030462
0 0.982180 0.082667 0.016450 0.030462