0 0.140850 0.492689 0.082934 0.158404
0 0.168609 0.230104 0.041124 0.081639
0 0.057916 0.164915 0.033585 0.063362
0 0.073681 0.087541 0.019877 0.037773
0 0.020905 0.033927 0.014393 0.023151
0 0.066484 0.037583 0.016450 0.020714
0 0.177176 0.037583 0.014393 0.023151
0 0.179232 0.024179 0.004798 0.020714
0 0.258739 0.074747 0.028101 0.041429
0 0.272104 0.034537 0.012337 0.021933
0 0.381083 0.130797 0.026045 0.053614
0 0.399931 0.085104 0.025360 0.047521
0 0.540781 0.164915 0.032899 0.060925
0 0.948595 0.434811 0.087731 0.152311
0 0.364976 0.060734 0.015764 0.037773
0 0.345442 0.035146 0.015079 0.032899
0 0.390336 0.038192 0.013023 0.036555
0 0.432488 0.031490 0.015079 0.028025
0 0.405415 0.045503 0.014393 0.031681
0 0.508568 0.064999 0.013708 0.034118
0 0.542495 0.049768 0.008910 0.032899
0 0.505483 0.040629 0.015764 0.029244
0 0.593215 0.081448 0.017135 0.035336
0 0.644277 0.117394 0.024674 0.048740
0 0.738862 0.077793 0.030158 0.035336
0 0.822138 0.114957 0.028101 0.043866