0 0.041724 0.579647 0.082079 0.178751
0 0.273256 0.184451 0.030780 0.071743
0 0.331053 0.090819 0.016416 0.040128
0 0.354993 0.049476 0.016416 0.047424
0 0.369813 0.022850 0.010032 0.027562
0 0.378021 0.010615 0.009120 0.021229
0 0.385773 0.004129 0.010032 0.008258
0 0.642955 0.198764 0.027360 0.066474
0 0.559964 0.103917 0.018240 0.042154
0 0.522800 0.059330 0.012312 0.027562
0 0.502280 0.034200 0.009576 0.022698
0 0.488828 0.017176 0.008208 0.017835
0 0.476744 0.007777 0.005928 0.015554
0 0.960328 0.577823 0.079343 0.177535