0 0.030500 0.952269 0.051405 0.095461
0 0.148732 0.640736 0.074023 0.142563
0 0.139822 0.503046 0.049349 0.101135
0 0.113777 0.428109 0.039753 0.095042
0 0.106923 0.375714 0.034270 0.080420
0 0.090473 0.331239 0.028787 0.071891
0 0.085675 0.300777 0.015079 0.054832
0 0.075737 0.281281 0.018506 0.042647
0 0.075394 0.264222 0.020562 0.049958
0 0.065113 0.214264 0.023304 0.091387
0 0.235778 0.213045 0.021933 0.096261
0 0.259082 0.256302 0.020562 0.048740
0 0.287183 0.272752 0.023304 0.062143
0 0.314599 0.297731 0.028787 0.056051
0 0.355723 0.323319 0.028787 0.065798
0 0.409527 0.354390 0.030843 0.081639
0 0.483550 0.396428 0.043180 0.082857
0 0.598355 0.473802 0.047978 0.098698
0 0.685401 0.587731 0.064428 0.129160
0 0.949280 0.913887 0.089102 0.172226