0 0.076080 0.376932 0.060315 0.136471
0 0.074709 0.202079 0.057574 0.186429
0 0.045579 0.227058 0.019877 0.082857
0 0.028101 0.167352 0.038382 0.165715
0 0.040439 0.049768 0.016450 0.030462
0 0.102125 0.069873 0.017820 0.036555
0 0.148732 0.085713 0.019191 0.038992
0 0.286155 0.061343 0.019877 0.038992
0 0.339273 0.128970 0.023304 0.042647
0 0.348526 0.089978 0.022618 0.037773
0 0.380740 0.128970 0.040439 0.137689
0 0.413639 0.169789 0.028101 0.068235
0 0.450308 0.146028 0.047978 0.154748
0 0.422207 0.069873 0.016450 0.036555
0 0.432145 0.048549 0.015764 0.030462
0 0.519534 0.060125 0.020562 0.036555
0 0.534955 0.046112 0.023989 0.028025
0 0.645305 0.055860 0.022618 0.028025
0 0.703221 0.047940 0.016450 0.026807
0 0.777245 0.057079 0.020562 0.030462
0 0.862234 0.043066 0.016450 0.031681
0 0.909184 0.058297 0.019877 0.032899
0 0.680603 0.236806 0.046607 0.080420