0 0.271546 0.717054 0.049248 0.113087
0 0.503420 0.608223 0.064295 0.182399
0 0.631327 0.633759 0.036936 0.072959
0 0.669289 0.566271 0.038988 0.147135
0 0.709644 0.588767 0.025308 0.058368
0 0.700410 0.548032 0.017784 0.049856
0 0.756840 0.520064 0.012996 0.035264
0 0.890219 0.546208 0.019836 0.038912
0 0.936731 0.530400 0.015732 0.036480
0 0.969904 0.515808 0.017784 0.034048
0 0.620725 0.523712 0.018468 0.030400
0 0.587991 0.504799 0.012214 0.033005
0 0.507377 0.511747 0.014168 0.027794
0 0.398183 0.510444 0.009771 0.023451
0 0.451681 0.502193 0.011237 0.022583
0 0.107729 0.500022 0.009283 0.025188
0 0.114569 0.511747 0.012214 0.026057
0 0.257719 0.508707 0.012214 0.025188
0 0.278728 0.500890 0.010260 0.021714