0 0.345417 0.799134 0.067031 0.136191
0 0.677155 0.625247 0.032832 0.063231
0 0.681601 0.564447 0.023940 0.046208
0 0.718536 0.539520 0.022572 0.042560
0 0.932969 0.578431 0.031464 0.057152
0 0.761628 0.519456 0.017100 0.029184
0 0.740082 0.507904 0.010944 0.018240
0 0.791724 0.496960 0.015732 0.023104
0 0.870383 0.510336 0.011628 0.027968
0 0.908687 0.518848 0.014364 0.025536
0 0.919570 0.545542 0.014887 0.037910
0 0.895027 0.501194 0.010863 0.020743
0 0.880945 0.491180 0.006035 0.022174
0 0.956989 0.496187 0.010863 0.023605
0 0.986964 0.489749 0.009656 0.019313