0 0.106019 0.586335 0.024624 0.055936
0 0.127223 0.554112 0.020520 0.037696
0 0.137825 0.532224 0.015732 0.037696
0 0.309508 0.525536 0.010260 0.031616
0 0.336867 0.541952 0.014364 0.040128
0 0.395691 0.568095 0.019836 0.048640
0 0.573187 0.636191 0.038304 0.075391
0 0.583447 0.527360 0.013680 0.035264
0 0.610807 0.569919 0.021888 0.054720
0 0.675445 0.658079 0.082763 0.248062
0 0.750000 0.806430 0.067715 0.153215
0 0.915869 0.515808 0.010944 0.043776
0 0.840971 0.535264 0.019836 0.043776
0 0.729822 0.546816 0.019152 0.042560
0 0.730164 0.520672 0.015732 0.029184