0 0.023256 0.843517 0.046512 0.176319
0 0.189466 0.537696 0.056088 0.097279
0 0.268810 0.422785 0.034200 0.079039
0 0.308140 0.349825 0.030780 0.059584
0 0.335157 0.307874 0.028728 0.051072
0 0.355806 0.271540 0.014860 0.035223
0 0.371491 0.250015 0.014309 0.031309
0 0.384700 0.225066 0.014309 0.032288
0 0.545405 0.224087 0.009906 0.034244
0 0.560264 0.246102 0.013209 0.033266
0 0.567419 0.265670 0.019813 0.045007
0 0.579527 0.298936 0.024216 0.052834
0 0.601266 0.349324 0.029169 0.063597
0 0.635113 0.409497 0.030820 0.076316
0 0.714915 0.539626 0.050633 0.113496
0 0.879196 0.874243 0.087507 0.201553