0 0.083105 0.580863 0.025308 0.044992
0 0.097469 0.547424 0.017100 0.041344
0 0.103967 0.528576 0.015048 0.035264
0 0.277018 0.521280 0.015048 0.030400
0 0.305518 0.538266 0.015960 0.040533
0 0.360522 0.557012 0.022230 0.045600
0 0.526676 0.617305 0.028500 0.064853
0 0.562585 0.564105 0.022800 0.049653
0 0.542066 0.523066 0.014820 0.034453
0 0.608470 0.625412 0.067829 0.204692
0 0.663190 0.743464 0.056430 0.112479
0 0.677725 0.539279 0.021660 0.030400
0 0.682285 0.511919 0.014820 0.026346
0 0.785169 0.527626 0.018810 0.035466
0 0.897173 0.750557 0.131099 0.349597
0 0.858128 0.511413 0.011970 0.025333
0 0.934508 0.523572 0.018810 0.033440