0 0.232900 0.361985 0.049932 0.110655
0 0.332079 0.172291 0.022572 0.057152
0 0.366963 0.107235 0.014364 0.036480
0 0.386778 0.069499 0.007909 0.029103
0 0.781122 0.381441 0.043776 0.103359
0 0.623803 0.188706 0.021888 0.055936
0 0.563953 0.116355 0.015732 0.037696
0 0.535439 0.079491 0.010687 0.028120
0 0.518767 0.056881 0.010687 0.020140
0 0.504553 0.041491 0.006626 0.017480
0 0.498889 0.028571 0.005985 0.020520
0 0.490018 0.023821 0.004061 0.016340
0 0.486064 0.017361 0.004275 0.015580
0 0.480934 0.011471 0.004275 0.015960
0 0.476445 0.009381 0.002992 0.011020
0 0.398320 0.050231 0.008764 0.025080
0 0.405053 0.036931 0.008977 0.017480
0 0.410397 0.027811 0.006840 0.015960
0 0.414351 0.021731 0.005344 0.016720
0 0.417450 0.014701 0.005130 0.013300
0 0.420043 0.009724 0.002806 0.015590