0 0.145349 0.911613 0.080027 0.171455
0 0.267442 0.658079 0.046512 0.119167
0 0.310534 0.544992 0.036936 0.092415
0 0.339603 0.459264 0.030780 0.074175
0 0.358071 0.411841 0.023940 0.059584
0 0.378591 0.382049 0.018468 0.053504
0 0.399111 0.361377 0.012996 0.053504
0 0.411081 0.337665 0.009576 0.042560
0 0.419973 0.323681 0.012312 0.048640
0 0.435363 0.312130 0.011628 0.035264
0 0.449384 0.299362 0.012312 0.034048
0 0.757866 0.913551 0.087551 0.172898
0 0.641245 0.634367 0.041724 0.110655
0 0.604309 0.517024 0.033516 0.082687
0 0.583447 0.442848 0.023256 0.070527
0 0.560876 0.400897 0.019152 0.049856
0 0.541496 0.296448 0.011400 0.029994
0 0.556544 0.371434 0.022344 0.048640
0 0.552668 0.349952 0.016416 0.039722
0 0.549932 0.334549 0.017328 0.034858
0 0.544004 0.316309 0.014592 0.037290