0 0.245554 0.264098 0.053352 0.089983
0 0.495896 0.154659 0.054720 0.175103
0 0.539672 0.182627 0.030096 0.068095
0 0.580369 0.116963 0.048564 0.165375
0 0.915527 0.549248 0.084131 0.169023
0 0.935705 0.237954 0.071135 0.229822
0 0.974692 0.181411 0.045144 0.194558
0 0.914159 0.017746 0.011628 0.035492
0 0.861491 0.039748 0.021204 0.042560
0 0.809850 0.051908 0.020520 0.044992
0 0.640903 0.099939 0.023256 0.048640
0 0.611149 0.062244 0.017100 0.041344
0 0.656635 0.028804 0.016416 0.037696
0 0.525650 0.046436 0.012996 0.031616
0 0.509234 0.020900 0.019836 0.036480
0 0.424419 0.034276 0.012996 0.036480
0 0.351573 0.019684 0.008208 0.026752
0 0.298906 0.033668 0.010944 0.035264
0 0.171683 0.039748 0.015048 0.027968
0 0.191176 0.019570 0.018468 0.039140
0 0.027702 0.044612 0.017100 0.032832
0 0.012996 0.028196 0.015048 0.036480