0 0.271204 0.718270 0.055404 0.105791
0 0.502736 0.610047 0.060192 0.186047
0 0.633379 0.631935 0.042408 0.081471
0 0.669289 0.565055 0.038988 0.142271
0 0.707592 0.585119 0.028044 0.055936
0 0.699042 0.547424 0.006840 0.041344
0 0.756840 0.519456 0.019836 0.029184
0 0.888509 0.545600 0.015048 0.047424
0 0.937415 0.526752 0.012996 0.041344
0 0.970588 0.518848 0.016416 0.030400
0 0.620383 0.526752 0.012312 0.029184
0 0.587551 0.504864 0.012312 0.031616
0 0.507524 0.511552 0.017784 0.025536
0 0.450068 0.500608 0.012312 0.020672
0 0.398085 0.509728 0.010944 0.029184
0 0.280438 0.501824 0.013680 0.027968
0 0.258208 0.511552 0.010260 0.023104
0 0.115766 0.512801 0.016074 0.032765
0 0.107943 0.505538 0.008122 0.021280