0 0.034200 0.656255 0.068399 0.164159
0 0.173393 0.425217 0.059508 0.110655
0 0.209644 0.346785 0.033516 0.087551
0 0.252052 0.260450 0.036252 0.063231
0 0.237346 0.203298 0.027360 0.058368
0 0.219562 0.169251 0.023256 0.046208
0 0.189124 0.149187 0.028044 0.042560
0 0.234952 0.102371 0.019836 0.034048
0 0.345075 0.114531 0.021204 0.038912
0 0.455198 0.132771 0.015732 0.048640
0 0.513338 0.170467 0.022572 0.055936
0 0.580369 0.234914 0.025308 0.072959
0 0.662449 0.294498 0.036252 0.082687
0 0.763680 0.407585 0.038988 0.102143
0 0.917921 0.610655 0.079343 0.148351