0 0.111723 0.318993 0.042928 0.102733
0 0.066318 0.180548 0.057788 0.176114
0 0.037975 0.211368 0.035223 0.085122
0 0.014034 0.160980 0.026968 0.162417
0 0.024216 0.078304 0.016511 0.038158
0 0.205559 0.070476 0.020363 0.034244
0 0.278756 0.126735 0.023665 0.045007
0 0.324711 0.114505 0.027518 0.137956
0 0.356907 0.161469 0.028068 0.065554
0 0.398734 0.137008 0.041277 0.130129
0 0.598514 0.200605 0.031370 0.063597
0 0.968630 0.213814 0.047331 0.080230
0 0.951569 0.045038 0.012108 0.032288
0 0.933957 0.060692 0.016511 0.036201
0 0.784535 0.054822 0.018162 0.022504
0 0.750138 0.043081 0.016511 0.030331
0 0.668685 0.054822 0.012108 0.024460
0 0.605944 0.049930 0.013209 0.028374
0 0.548982 0.060203 0.014860 0.027396
0 0.444139 0.052376 0.009906 0.023482
0 0.433132 0.065584 0.017611 0.026417
0 0.343423 0.077814 0.016511 0.031309
0 0.344524 0.054333 0.015410 0.031309
0 0.280407 0.094677 0.022014 0.033266