0 0.195377 0.975769 0.037424 0.048462
0 0.639791 0.955711 0.048982 0.088577
0 0.639241 0.782762 0.045680 0.116431
0 0.624656 0.652379 0.047331 0.089543
0 0.601541 0.565535 0.032801 0.071620
0 0.298019 0.758790 0.051183 0.115453
0 0.342598 0.643475 0.034673 0.097566
0 0.589323 0.513092 0.023775 0.056748
0 0.364227 0.566514 0.031480 0.072011
0 0.379967 0.518963 0.029499 0.060662
0 0.399229 0.476695 0.025757 0.058313
0 0.411227 0.444212 0.020253 0.047355
0 0.412108 0.412316 0.022895 0.047747
0 0.421574 0.391378 0.014970 0.035614
0 0.590094 0.475521 0.026637 0.054400
0 0.582168 0.439124 0.022675 0.051269
0 0.564117 0.413490 0.016070 0.043050
0 0.550908 0.392552 0.017391 0.037962
0 0.540121 0.376897 0.013869 0.034049
0 0.424896 0.371913 0.014129 0.038169
0 0.537516 0.360014 0.012983 0.027345
0 0.532083 0.346592 0.010019 0.027596
0 0.527356 0.339442 0.009314 0.020823
0 0.525451 0.325769 0.013688 0.024586
0 0.516772 0.315734 0.011572 0.023081
0 0.505412 0.292027 0.017357 0.049422
0 0.427162 0.356753 0.012701 0.025338
0 0.430620 0.342578 0.012277 0.026091
0 0.435206 0.335052 0.013547 0.021575
0 0.437534 0.323010 0.011431 0.020070
0 0.436194 0.314104 0.007903 0.020321
0 0.430337 0.293532 0.013406 0.046914