0 0.030096 0.959150 0.035568 0.081699
0 0.145007 0.648351 0.069767 0.138623
0 0.140903 0.496960 0.043776 0.103359
0 0.115937 0.427649 0.036252 0.088767
0 0.100889 0.375969 0.029412 0.077823
0 0.083789 0.335841 0.021204 0.058368
0 0.088919 0.302402 0.023256 0.044992
0 0.074897 0.282338 0.022572 0.046208
0 0.066689 0.213026 0.033516 0.092415
0 0.073831 0.259426 0.015692 0.045063
0 0.232156 0.214363 0.028164 0.087980
0 0.259314 0.261930 0.014887 0.045778
0 0.288686 0.276951 0.018910 0.052931
0 0.316247 0.297336 0.024946 0.056508
0 0.357085 0.322372 0.026957 0.059369
0 0.407781 0.355632 0.028567 0.067237
0 0.480808 0.402126 0.036211 0.082973
0 0.597691 0.474013 0.044661 0.097995
0 0.685202 0.584525 0.057134 0.124460