0 0.161081 0.839869 0.064979 0.117951
0 0.226060 0.718878 0.038988 0.092415
0 0.268126 0.638015 0.032832 0.079039
0 0.299932 0.580255 0.029412 0.060800
0 0.317715 0.545600 0.026676 0.057152
0 0.333447 0.518848 0.018468 0.054720
0 0.347469 0.490880 0.013680 0.035264
0 0.356019 0.474464 0.017100 0.038912
0 0.363543 0.434945 0.022572 0.079039
0 0.843365 0.957212 0.038304 0.082687
0 0.735978 0.802782 0.054720 0.128895
0 0.671683 0.692734 0.045144 0.093631
0 0.631669 0.617951 0.029412 0.072959
0 0.603967 0.566879 0.028728 0.065663
0 0.581395 0.531008 0.017784 0.052288
0 0.565663 0.504256 0.020520 0.049856
0 0.554720 0.478720 0.013680 0.040128
0 0.545828 0.464736 0.015048 0.031616
0 0.537620 0.426433 0.016416 0.079039