0 0.335499 0.301794 0.055404 0.104575
0 0.900821 0.400289 0.058824 0.124031
0 0.899795 0.149795 0.022572 0.046208
0 0.693570 0.174723 0.031464 0.062016
0 0.656293 0.131555 0.021204 0.043776
0 0.498974 0.124867 0.025308 0.040128
0 0.571477 0.100547 0.019836 0.044992
0 0.703146 0.107235 0.016416 0.034048
0 0.785226 0.079267 0.016416 0.031616
0 0.817373 0.099331 0.013680 0.037696
0 0.827633 0.071971 0.015048 0.024320
0 0.909713 0.118179 0.016416 0.034048
0 0.992134 0.103587 0.015732 0.034048
0 0.938098 0.082915 0.012996 0.026752
0 0.959644 0.078659 0.012312 0.032832
0 0.917579 0.065891 0.014364 0.021888