0 0.334131 0.328545 0.047196 0.107007
0 0.904241 0.442848 0.076607 0.126463
0 0.980164 0.278690 0.039672 0.082687
0 0.595417 0.224578 0.033516 0.074175
0 0.759234 0.136419 0.020520 0.046208
0 0.966142 0.149187 0.025308 0.054720
0 0.250000 0.219106 0.028044 0.075391
0 0.121751 0.156483 0.027360 0.057152
0 0.311902 0.158915 0.027360 0.052288
0 0.562206 0.153814 0.021660 0.046613
0 0.443836 0.131859 0.017480 0.039182
0 0.393107 0.101797 0.014060 0.031751
0 0.431297 0.088286 0.012160 0.023644
0 0.514706 0.081530 0.009500 0.024995
0 0.553656 0.103486 0.011400 0.031075
0 0.563535 0.093353 0.012920 0.028373
0 0.623195 0.120375 0.016720 0.036480
0 0.612745 0.088286 0.009500 0.020942
0 0.612555 0.076802 0.007600 0.020942
0 0.681525 0.084233 0.009500 0.020942
0 0.766834 0.072073 0.008360 0.022293
0 0.800084 0.081193 0.011780 0.020267
0 0.904583 0.083895 0.011020 0.020267
0 0.900023 0.072411 0.010260 0.018915