0 0.078659 0.375969 0.062927 0.128895
0 0.074213 0.197218 0.059508 0.199422
0 0.029754 0.161955 0.044460 0.179967
0 0.046854 0.228834 0.023940 0.080255
0 0.041040 0.050692 0.016416 0.030400
0 0.102599 0.073187 0.024624 0.036480
0 0.151847 0.087171 0.020520 0.049856
0 0.283858 0.062851 0.016416 0.037696
0 0.676129 0.231874 0.037620 0.081471
0 0.450752 0.147971 0.039672 0.149567
0 0.410739 0.173507 0.030780 0.074175
0 0.379275 0.126083 0.037620 0.147135
0 0.338919 0.130947 0.018468 0.042560
0 0.348153 0.094467 0.008208 0.044992
0 0.423051 0.077443 0.015732 0.032832
0 0.431601 0.048868 0.016416 0.034048
0 0.520178 0.065283 0.015732 0.030400
0 0.534542 0.047044 0.008892 0.037696
0 0.646033 0.059204 0.015732 0.040128
0 0.705198 0.043396 0.016416 0.032832
0 0.777702 0.060420 0.017784 0.027968
0 0.864911 0.048260 0.019836 0.035264
0 0.908687 0.058596 0.017100 0.043776