0 0.105118 0.584144 0.026417 0.051856
0 0.124381 0.553324 0.014309 0.046964
0 0.137039 0.530820 0.015410 0.035223
0 0.394606 0.566532 0.022014 0.053813
0 0.336819 0.542072 0.015410 0.045985
0 0.310952 0.523482 0.015410 0.038158
0 0.571822 0.640402 0.030820 0.080230
0 0.674739 0.654589 0.078151 0.247539
0 0.749037 0.808200 0.074849 0.153611
0 0.915245 0.515165 0.015410 0.033266
0 0.837644 0.528863 0.020914 0.045007
0 0.730875 0.545496 0.025316 0.043050
0 0.731425 0.520547 0.015410 0.036201
0 0.609796 0.570446 0.022014 0.053813
0 0.582003 0.530820 0.022565 0.043050