0 0.035223 0.653122 0.070446 0.178071
0 0.174188 0.422705 0.055586 0.104690
0 0.208310 0.334159 0.040176 0.088057
0 0.250138 0.256864 0.036874 0.062618
0 0.231701 0.202562 0.027518 0.051856
0 0.217666 0.170764 0.015960 0.046964
0 0.186021 0.144836 0.026417 0.047942
0 0.231150 0.104232 0.016511 0.035223
0 0.344799 0.114994 0.022565 0.048921
0 0.454045 0.141901 0.018712 0.042072
0 0.514584 0.173210 0.024216 0.047942
0 0.580077 0.238764 0.027518 0.061640
0 0.661805 0.300404 0.031370 0.083165
0 0.761145 0.397756 0.047331 0.119366
0 0.917997 0.608115 0.074849 0.156546