0 0.115025 0.928805 0.066043 0.142390
0 0.199780 0.757965 0.058338 0.112844
0 0.260136 0.658167 0.038892 0.084144
0 0.804073 0.894790 0.068244 0.140892
0 0.979086 0.934186 0.041827 0.131627
0 0.716841 0.734819 0.048982 0.106647
0 0.663456 0.637956 0.037975 0.087079
0 0.627683 0.571913 0.025867 0.078273
0 0.291873 0.587721 0.033388 0.073707
0 0.317373 0.543040 0.025683 0.061314
0 0.334067 0.509122 0.022381 0.050878
0 0.351128 0.484661 0.022748 0.046312
0 0.360301 0.459549 0.018345 0.039137
0 0.370391 0.444546 0.012108 0.033918
0 0.378096 0.430522 0.013575 0.034571
0 0.385250 0.415520 0.011007 0.037180
0 0.390204 0.402801 0.009173 0.026091
0 0.604109 0.530321 0.023115 0.060662
0 0.585397 0.498359 0.018712 0.047616
0 0.574023 0.472920 0.021647 0.048921
0 0.558980 0.450417 0.016511 0.041746
0 0.551642 0.434436 0.013575 0.034571
0 0.545221 0.423347 0.014676 0.028048
0 0.537883 0.409976 0.011741 0.031309
0 0.532563 0.400844 0.011374 0.023482