0 0.190424 0.350303 0.047331 0.124259
0 0.142818 0.197670 0.059989 0.210359
0 0.114474 0.240231 0.028619 0.078273
0 0.087232 0.190332 0.044579 0.156546
0 0.042102 0.079282 0.015960 0.034244
0 0.110072 0.098850 0.019813 0.042072
0 0.164007 0.111081 0.023115 0.037180
0 0.283434 0.089066 0.018712 0.042072
0 0.356357 0.157555 0.019263 0.061640
0 0.694827 0.237296 0.034673 0.074359
0 0.477160 0.164404 0.039626 0.141870
0 0.437534 0.188375 0.027518 0.058705
0 0.405614 0.150706 0.036324 0.116431
0 0.358283 0.118419 0.016511 0.038158
0 0.422950 0.104232 0.014860 0.027396
0 0.420473 0.083685 0.015410 0.031309
0 0.510457 0.092980 0.011558 0.024460
0 0.521464 0.074879 0.011558 0.025439
0 0.628784 0.083196 0.014860 0.028374
0 0.683269 0.071944 0.014860 0.025439
0 0.755916 0.085153 0.013759 0.024460
0 0.832966 0.070966 0.018162 0.029352
0 0.880572 0.086620 0.017611 0.033266