0 0.232801 0.364979 0.047331 0.116431
0 0.786461 0.384058 0.046230 0.109582
0 0.334467 0.172126 0.021514 0.062707
0 0.621154 0.188581 0.022515 0.053813
0 0.563867 0.116312 0.016511 0.039137
0 0.533347 0.079176 0.011507 0.032466
0 0.368865 0.105860 0.014760 0.041360
0 0.387127 0.070059 0.010257 0.026684
0 0.518212 0.054938 0.007255 0.025795
0 0.397258 0.050936 0.010007 0.025795
0 0.405013 0.035815 0.008506 0.020458
0 0.504828 0.040485 0.008005 0.021792
0 0.497448 0.028477 0.007255 0.018234
0 0.489568 0.022028 0.006004 0.012453
0 0.484440 0.017803 0.006754 0.015566
0 0.408958 0.025221 0.009596 0.017561
0 0.413827 0.019451 0.005221 0.020572
0 0.416931 0.013304 0.004657 0.014300
0 0.480152 0.012552 0.004375 0.010286
0 0.476906 0.007910 0.002681 0.011039
0 0.474930 0.004708 0.002963 0.009416
0 0.420036 0.010294 0.004657 0.016809