0 0.195927 0.321439 0.050633 0.111539
0 0.737479 0.259799 0.047331 0.111539
0 0.651073 0.085153 0.025316 0.040115
0 0.577050 0.059714 0.020363 0.038158
0 0.500550 0.088088 0.022565 0.051856
0 0.452944 0.063627 0.017611 0.045985
0 0.428178 0.128692 0.028619 0.058705
0 0.375344 0.052865 0.017611 0.034244
0 0.400660 0.038678 0.013209 0.023482
0 0.360484 0.030851 0.014309 0.031309
0 0.276646 0.106341 0.027151 0.042744
0 0.119703 0.179569 0.043478 0.068489
0 0.280499 0.070945 0.022381 0.035223
0 0.288021 0.030504 0.011741 0.025439
0 0.267749 0.042082 0.011191 0.024460
0 0.247386 0.036212 0.011924 0.026417
0 0.232343 0.052355 0.014126 0.029352
0 0.199138 0.033765 0.010090 0.024134
0 0.191983 0.026754 0.010824 0.025113
0 0.135571 0.063933 0.017245 0.034897
0 0.121904 0.032135 0.011191 0.025439
0 0.019721 0.035722 0.012291 0.018916
0 0.019813 0.026917 0.009540 0.015655