0 0.894056 0.749006 0.128233 0.344402
0 0.664007 0.734330 0.058888 0.135021
0 0.607320 0.623769 0.069895 0.209381
0 0.524766 0.617899 0.032471 0.074359
0 0.562466 0.563597 0.023115 0.053813
0 0.360759 0.556259 0.021464 0.060662
0 0.304623 0.537669 0.011558 0.043050
0 0.277931 0.517611 0.008806 0.038158
0 0.084480 0.579252 0.029169 0.051856
0 0.095762 0.548431 0.019813 0.037180
0 0.104018 0.526906 0.015410 0.037180
0 0.541552 0.524460 0.015410 0.036201
0 0.680793 0.538647 0.020914 0.033266
0 0.682994 0.518101 0.011007 0.031309
0 0.783434 0.527885 0.018162 0.045007
0 0.857457 0.511741 0.016511 0.034244
0 0.934232 0.522504 0.020363 0.038158