0 0.050083 0.868373 0.086957 0.185899
0 0.153825 0.646762 0.055586 0.116431
0 0.797468 0.789610 0.068244 0.165352
0 0.631535 0.602733 0.056687 0.106647
0 0.501101 0.487281 0.035773 0.089036
0 0.436984 0.432489 0.027518 0.063597
0 0.380297 0.379655 0.024216 0.057726
0 0.335718 0.341986 0.025316 0.048921
0 0.304348 0.293555 0.027518 0.089036
0 0.133462 0.523971 0.043478 0.091971
0 0.106494 0.442274 0.031370 0.073381
0 0.086131 0.392374 0.026968 0.061640
0 0.070446 0.356662 0.026417 0.045007
0 0.062190 0.296001 0.029719 0.113496