0 0.234728 0.361554 0.048982 0.105669
0 0.335443 0.172721 0.020363 0.062618
0 0.367364 0.103253 0.014860 0.045007
0 0.784260 0.384547 0.045129 0.096863
0 0.621354 0.187482 0.020914 0.051716
0 0.386430 0.069024 0.011793 0.030051
0 0.565591 0.114800 0.016707 0.040534
0 0.535813 0.078633 0.012580 0.029702
0 0.517729 0.055920 0.010221 0.022014
0 0.504462 0.041594 0.010417 0.020617
0 0.498074 0.029713 0.006683 0.015725
0 0.490015 0.023772 0.005110 0.012230
0 0.485101 0.016260 0.004324 0.015375
0 0.397830 0.051203 0.010614 0.025858
0 0.404415 0.037226 0.008845 0.020966
0 0.409918 0.026743 0.006486 0.015375
0 0.414636 0.020453 0.004521 0.016074
0 0.416994 0.014512 0.004521 0.016773
0 0.419648 0.010319 0.003931 0.014676
0 0.480285 0.011368 0.005307 0.011182
0 0.477239 0.009096 0.004717 0.010832