0 0.194551 0.408029 0.058888 0.137956
0 0.182168 0.245123 0.047331 0.086100
0 0.083930 0.177123 0.034673 0.065554
0 0.020363 0.099340 0.018712 0.035223
0 0.023941 0.072433 0.030270 0.024460
0 0.851954 0.341497 0.059439 0.112518
0 0.624106 0.215771 0.031921 0.080230
0 0.528068 0.107167 0.019263 0.050878
0 0.320033 0.114994 0.019263 0.048921
0 0.160429 0.079282 0.033572 0.108604
0 0.127408 0.110102 0.021464 0.046964
0 0.094386 0.083670 0.031921 0.092460
0 0.976059 0.138476 0.035773 0.066532
0 0.853605 0.108145 0.024216 0.050878
0 0.908365 0.075858 0.017061 0.035223
0 0.862411 0.057268 0.022014 0.027396
0 0.689323 0.132116 0.021464 0.051856
0 0.725188 0.070131 0.017245 0.033553
0 0.771104 0.046812 0.016406 0.028009
0 0.710748 0.062214 0.013104 0.032614
0 0.661740 0.090401 0.018869 0.040534
0 0.661740 0.054060 0.012055 0.020034
0 0.668160 0.041714 0.009173 0.017705
0 0.583903 0.046373 0.012580 0.026091
0 0.194722 0.052197 0.013628 0.026557
0 0.233378 0.047072 0.008124 0.023761
0 0.295752 0.050100 0.014414 0.024227
0 0.353408 0.038452 0.011793 0.023296
0 0.388264 0.045208 0.010745 0.021898
0 0.491653 0.046839 0.007338 0.022364
0 0.500957 0.036822 0.010221 0.024693