0 0.077050 0.374763 0.057237 0.139913
0 0.679692 0.232893 0.038525 0.079252
0 0.450193 0.141411 0.042928 0.158503
0 0.413869 0.172231 0.034122 0.061640
0 0.380022 0.119397 0.041277 0.145784
0 0.338195 0.123800 0.019263 0.048921
0 0.347551 0.092491 0.017061 0.039137
0 0.421299 0.071455 0.012658 0.038158
0 0.429279 0.053843 0.013209 0.028374
0 0.518987 0.063138 0.009906 0.035223
0 0.532196 0.046505 0.009906 0.021525
0 0.644469 0.055311 0.014309 0.031309
0 0.704733 0.047973 0.021464 0.030331
0 0.775729 0.050908 0.015960 0.036201
0 0.862411 0.047973 0.011007 0.026417
0 0.908090 0.060203 0.018712 0.025439
0 0.286736 0.057757 0.020914 0.040115
0 0.149972 0.090534 0.019263 0.048921
0 0.100165 0.067052 0.017611 0.041093
0 0.038250 0.050908 0.019263 0.032288
0 0.075949 0.196203 0.064942 0.185899
0 0.045129 0.234361 0.029719 0.080230
0 0.026417 0.162447 0.046230 0.179050