0 0.050633 0.241210 0.047331 0.074359
0 0.105394 0.332202 0.044579 0.097841
0 0.125206 0.160001 0.032471 0.054791
0 0.348376 0.193756 0.037424 0.059683
0 0.404513 0.167829 0.024216 0.050878
0 0.442763 0.130649 0.017061 0.045007
0 0.607045 0.136030 0.015410 0.045985
0 0.627683 0.172721 0.025867 0.045007
0 0.650248 0.215771 0.029169 0.056748
0 0.888002 0.427108 0.058888 0.109582
0 0.922675 0.614474 0.154650 0.460833
0 0.968905 0.940546 0.062190 0.118908
0 0.974959 0.284260 0.040176 0.101755
0 0.905614 0.180059 0.031370 0.065554