0 0.097688 0.885006 0.100715 0.199596
0 0.745184 0.817495 0.084755 0.187855
0 0.614199 0.541093 0.050633 0.112518
0 0.577876 0.421238 0.031921 0.088057
0 0.556136 0.352260 0.031370 0.069467
0 0.541552 0.314101 0.024216 0.061640
0 0.532655 0.275284 0.023298 0.054451
0 0.521464 0.251687 0.019263 0.044029
0 0.518101 0.235923 0.014982 0.033157
0 0.521617 0.218529 0.017122 0.034244
0 0.516266 0.206027 0.010701 0.036419
0 0.514126 0.167706 0.021709 0.077186
0 0.213569 0.576738 0.055342 0.123389
0 0.269217 0.419648 0.040665 0.091862
0 0.299486 0.349256 0.024766 0.065228
0 0.315080 0.306315 0.025378 0.063053
0 0.321042 0.275604 0.023849 0.052726
0 0.325934 0.244620 0.022626 0.050551
0 0.334189 0.225324 0.017734 0.042398
0 0.345044 0.214453 0.011924 0.036962
0 0.349630 0.201135 0.016205 0.032070
0 0.346267 0.166347 0.021097 0.074468