0 0.197028 0.845869 0.083654 0.207424
0 0.908090 0.783740 0.088057 0.169266
0 0.729224 0.488259 0.064942 0.118388
0 0.567969 0.362044 0.042928 0.090992
0 0.425702 0.294533 0.032471 0.061640
0 0.358833 0.257843 0.030820 0.066532
0 0.205834 0.562618 0.055036 0.132086
0 0.177766 0.428576 0.049532 0.108604
0 0.129609 0.332202 0.042378 0.082187
0 0.066318 0.288173 0.030270 0.074359
0 0.259494 0.234361 0.032471 0.060662
0 0.190149 0.218706 0.022565 0.056748
0 0.133462 0.202073 0.024766 0.046964
0 0.089158 0.191800 0.020914 0.049899
0 0.053385 0.182994 0.020914 0.040115