0 0.189323 0.308720 0.060539 0.195683
0 0.220418 0.339540 0.033572 0.083165
0 0.237755 0.280346 0.044029 0.166330
0 0.200055 0.267627 0.018162 0.048921
0 0.113374 0.251483 0.022014 0.036201
0 0.101541 0.214303 0.010457 0.044029
0 0.297744 0.225555 0.017611 0.037180
0 0.329389 0.219684 0.018162 0.035223
0 0.345349 0.201584 0.015960 0.026417
0 0.509356 0.235828 0.013759 0.044029
0 0.490919 0.214792 0.011007 0.031309
0 0.469180 0.200116 0.015960 0.029352
0 0.609246 0.276922 0.040726 0.165352
0 0.629334 0.335626 0.036874 0.085122
0 0.661805 0.309699 0.050083 0.178071
0 0.630710 0.293065 0.009906 0.086100
0 0.691524 0.253440 0.019263 0.051856
0 0.675289 0.216260 0.014309 0.036201
0 0.813704 0.240231 0.020363 0.035223
0 0.861035 0.216749 0.019263 0.033266
0 0.965327 0.236317 0.024216 0.027396
0 0.893506 0.487770 0.077600 0.135021