0 0.239681 0.256375 0.056687 0.118388
0 0.914695 0.553813 0.086957 0.157525
0 0.930930 0.231915 0.077600 0.229927
0 0.973124 0.171895 0.053752 0.216556
0 0.498074 0.149065 0.051734 0.163069
0 0.543020 0.184288 0.035957 0.073055
0 0.580261 0.122648 0.042194 0.150676
0 0.640800 0.099819 0.020180 0.061966
0 0.613282 0.061008 0.018712 0.044355
0 0.916346 0.017958 0.014309 0.026091
0 0.860943 0.034265 0.018712 0.043050
0 0.810310 0.049919 0.023849 0.045659
0 0.654375 0.029373 0.014309 0.025439
0 0.526692 0.042418 0.017978 0.031962
0 0.509264 0.017632 0.013942 0.028048
0 0.425060 0.035896 0.017245 0.026743
0 0.350578 0.019589 0.014309 0.026743
0 0.299395 0.032960 0.015410 0.032614
0 0.193176 0.019915 0.014309 0.027396
0 0.170794 0.036874 0.015043 0.030005
0 0.027701 0.044375 0.011374 0.034571
0 0.014860 0.025133 0.013575 0.030005