0 0.267199 0.710848 0.048982 0.127194
0 0.503027 0.614964 0.064942 0.187855
0 0.629884 0.636000 0.037975 0.085122
0 0.670061 0.572892 0.051183 0.146762
0 0.709411 0.587079 0.027518 0.059683
0 0.699229 0.549899 0.014860 0.053813
0 0.757843 0.518590 0.025316 0.047942
0 0.892955 0.547453 0.028068 0.048921
0 0.939736 0.527885 0.022565 0.045007
0 0.971657 0.511252 0.015960 0.037180
0 0.621354 0.528374 0.016511 0.036201
0 0.585856 0.507827 0.013759 0.020547
0 0.508255 0.513698 0.022565 0.032288
0 0.453495 0.502446 0.016511 0.025439
0 0.397909 0.512719 0.011007 0.024460
0 0.281233 0.500000 0.015410 0.032288
0 0.257567 0.510763 0.015410 0.030331
0 0.112273 0.510273 0.014309 0.029352
0 0.108420 0.496576 0.011007 0.027396