0 0.022840 0.834618 0.045680 0.169266
0 0.191524 0.534734 0.050633 0.109582
0 0.268850 0.415367 0.045680 0.078273
0 0.305724 0.345411 0.025867 0.069467
0 0.334893 0.299914 0.024766 0.054791
0 0.354706 0.272519 0.019263 0.048921
0 0.370666 0.249526 0.011558 0.036201
0 0.382774 0.227512 0.011558 0.023482
0 0.545680 0.222130 0.010457 0.042072
0 0.559714 0.244634 0.015410 0.042072
0 0.566043 0.269094 0.017061 0.045985
0 0.579252 0.306763 0.018162 0.041093
0 0.599064 0.350303 0.026968 0.061640
0 0.636214 0.410964 0.031921 0.079252
0 0.715190 0.541583 0.053385 0.101755
0 0.881123 0.868862 0.085856 0.216229