0 0.745460 0.804287 0.067694 0.149697
0 0.674463 0.656057 0.078701 0.248517
0 0.572097 0.640402 0.034673 0.086100
0 0.604843 0.575338 0.027518 0.051856
0 0.582829 0.529352 0.020914 0.044029
0 0.730600 0.545496 0.024766 0.037180
0 0.728949 0.518590 0.023665 0.040115
0 0.842047 0.534734 0.023115 0.041093
0 0.919923 0.514676 0.013759 0.040115
0 0.394056 0.568489 0.025316 0.055770
0 0.336544 0.543539 0.015960 0.035223
0 0.311227 0.525928 0.013759 0.033266
0 0.105118 0.584633 0.029719 0.052834
0 0.128509 0.556259 0.015960 0.035223
0 0.137589 0.532288 0.018712 0.038158