0 0.342358 0.789392 0.073338 0.176681
0 0.673406 0.626723 0.039068 0.070672
0 0.680603 0.563362 0.026045 0.051177
0 0.719671 0.540819 0.016450 0.032899
0 0.741261 0.508529 0.014393 0.031681
0 0.762509 0.521933 0.017135 0.034118
0 0.792324 0.497563 0.009596 0.021933
0 0.871487 0.510966 0.015764 0.026807
0 0.879369 0.491471 0.008225 0.031681
0 0.894791 0.499391 0.010281 0.025588
0 0.907814 0.518887 0.014393 0.030462
0 0.921179 0.544475 0.019191 0.040210
0 0.934202 0.577374 0.024674 0.057269
0 0.957848 0.495126 0.015764 0.024370
0 0.986292 0.490252 0.013708 0.024370