0 0.084647 0.578593 0.025360 0.052395
0 0.098355 0.546912 0.021247 0.037773
0 0.105552 0.528635 0.013708 0.028025
0 0.278958 0.521324 0.012337 0.035336
0 0.303975 0.535336 0.019877 0.038992
0 0.359836 0.557269 0.017820 0.056051
0 0.525360 0.618803 0.032214 0.071891
0 0.564770 0.564580 0.021933 0.051177
0 0.542838 0.526198 0.016450 0.045084
0 0.608293 0.624895 0.066484 0.213236
0 0.661412 0.734559 0.056203 0.140126
0 0.898561 0.747963 0.127485 0.347270
0 0.676491 0.539601 0.023304 0.037773
0 0.683687 0.511576 0.021247 0.023151
0 0.786498 0.528635 0.022618 0.035336
0 0.857094 0.512185 0.018506 0.029244
0 0.932831 0.521324 0.019191 0.035336