0 0.159356 0.946786 0.065113 0.106428
0 0.201851 0.640736 0.063742 0.149874
0 0.179232 0.480504 0.050034 0.112101
0 0.134681 0.367794 0.047293 0.096261
0 0.075051 0.319054 0.040439 0.069454
0 0.020905 0.283109 0.019877 0.068235
0 0.038382 0.186239 0.017820 0.054832
0 0.073681 0.195987 0.022618 0.045084
0 0.110692 0.204516 0.022618 0.042647
0 0.154215 0.218529 0.026045 0.053614
0 0.206991 0.229495 0.030158 0.053614
0 0.281357 0.244117 0.030843 0.063362
0 0.379027 0.275188 0.035641 0.071891
0 0.447224 0.314789 0.039068 0.080420
0 0.599040 0.394601 0.043866 0.101135
0 0.783071 0.544475 0.059630 0.120631
0 0.969500 0.889517 0.061000 0.220966