0 0.337560 0.301386 0.051405 0.095042
0 0.496916 0.123486 0.032899 0.043866
0 0.570596 0.102163 0.019877 0.037773
0 0.655929 0.133844 0.023304 0.049958
0 0.690541 0.173445 0.028101 0.065798
0 0.702193 0.108255 0.023989 0.040210
0 0.787526 0.078402 0.015079 0.036555
0 0.830363 0.069873 0.021247 0.029244
0 0.815970 0.094852 0.019877 0.037773
0 0.897533 0.150902 0.028101 0.059706
0 0.897875 0.395210 0.058944 0.138908
0 0.900960 0.319663 0.002056 0.009748
0 0.911926 0.107646 0.013023 0.043866
0 0.917752 0.067436 0.012337 0.024370
0 0.939685 0.085713 0.010966 0.026807
0 0.959904 0.077793 0.013023 0.030462
0 0.992803 0.100944 0.014393 0.032899
0 0.993489 0.263613 0.013022 0.029244