0 0.641193 0.952879 0.058259 0.094242
0 0.202879 0.978867 0.043866 0.041429
0 0.298835 0.766240 0.049349 0.118194
0 0.343043 0.642563 0.039068 0.087731
0 0.366004 0.564580 0.035641 0.075546
0 0.640850 0.783908 0.045236 0.109664
0 0.626456 0.651702 0.047978 0.091387
0 0.603153 0.565798 0.035641 0.080420
0 0.589445 0.512185 0.026045 0.077983
0 0.593215 0.478067 0.023989 0.053614
0 0.581563 0.439075 0.025360 0.056051
0 0.565113 0.415924 0.019877 0.053614
0 0.551748 0.392164 0.015079 0.049958
0 0.543523 0.375714 0.015079 0.031681
0 0.537697 0.355609 0.013023 0.032899
0 0.532557 0.347079 0.016450 0.032899
0 0.528444 0.340378 0.010966 0.021933
0 0.525703 0.325756 0.012337 0.026807
0 0.516450 0.311743 0.010281 0.023151
0 0.504798 0.297731 0.013023 0.046303
0 0.381426 0.516450 0.028101 0.062143
0 0.398561 0.476239 0.022618 0.062143
0 0.412269 0.446996 0.023989 0.037773
0 0.411926 0.411050 0.019191 0.036555
0 0.420836 0.400084 0.013708 0.034118
0 0.424606 0.370840 0.018506 0.026807
0 0.431117 0.345861 0.013708 0.028025
0 0.436943 0.334895 0.015764 0.025588
0 0.903016 0.187457 0.000685 0.001218
0 0.432831 0.293466 0.015764 0.049958