0 0.022961 0.790001 0.045922 0.175463
0 0.155586 0.340987 0.045236 0.123068
0 0.765593 0.339768 0.053461 0.113320
0 0.856066 0.194159 0.042495 0.080420
0 0.944140 0.074747 0.017135 0.041429
0 0.892392 0.102163 0.016450 0.042647
0 0.873544 0.086932 0.014393 0.043866
0 0.819054 0.126533 0.027416 0.057269
0 0.814942 0.075356 0.010966 0.025588
0 0.819740 0.061953 0.015079 0.028025
0 0.725840 0.066827 0.012337 0.023151
0 0.647019 0.146638 0.023304 0.048740
0 0.620973 0.068045 0.013708 0.037773
0 0.632282 0.049768 0.010281 0.032899
0 0.509596 0.060734 0.014393 0.018277
0 0.474640 0.054032 0.013023 0.029244
0 0.413297 0.059516 0.013708 0.020714
0 0.404044 0.146638 0.026731 0.053614
0 0.351268 0.055251 0.011652 0.026807
0 0.096984 0.222793 0.043180 0.081639
0 0.233036 0.113738 0.035641 0.107227
0 0.195682 0.132625 0.022618 0.040210
0 0.162440 0.106428 0.030158 0.102353
0 0.096299 0.116785 0.019877 0.049958
0 0.073681 0.097898 0.019877 0.036555
0 0.104866 0.068654 0.010966 0.026807
0 0.120288 0.082058 0.011652 0.031681
0 0.199109 0.069264 0.011652 0.025588
0 0.306374 0.061343 0.010966 0.021933