0 0.035226 0.657471 0.070451 0.181183
0 0.175445 0.430689 0.051300 0.104575
0 0.211696 0.339489 0.043092 0.085119
0 0.251368 0.260450 0.029412 0.068095
0 0.235978 0.201474 0.024624 0.049856
0 0.219220 0.167427 0.022572 0.044992
0 0.188098 0.147971 0.017784 0.047424
0 0.234268 0.103587 0.019836 0.038912
0 0.343365 0.113923 0.017784 0.037696
0 0.454172 0.136419 0.017784 0.043776
0 0.513680 0.171075 0.021888 0.054720
0 0.579685 0.234914 0.028044 0.060800
0 0.661081 0.298146 0.032148 0.072959
0 0.760944 0.406369 0.048564 0.104575
0 0.918947 0.612479 0.082763 0.149567