0 0.143639 0.563839 0.077975 0.159295
0 0.295828 0.296322 0.049932 0.105791
0 0.344049 0.190530 0.035568 0.081471
0 0.371751 0.124867 0.021204 0.064447
0 0.402189 0.078051 0.023256 0.046208
0 0.421341 0.043396 0.017784 0.040128
0 0.437756 0.011666 0.025992 0.023332
0 0.615253 0.015922 0.029412 0.031844
0 0.629275 0.042180 0.019152 0.044992
0 0.655267 0.082915 0.019152 0.051072
0 0.696648 0.136419 0.023940 0.070527
0 0.735294 0.209378 0.032832 0.077823
0 0.805404 0.344353 0.044460 0.114303
0 0.974008 0.636191 0.051984 0.172671