0 0.310534 0.311522 0.069767 0.228606
0 0.366963 0.340705 0.038988 0.111871
0 0.417921 0.262882 0.057456 0.189694
0 0.479138 0.223970 0.021204 0.068095
0 0.987346 0.291458 0.025308 0.083903
0 0.905609 0.414273 0.094391 0.290622
0 0.892271 0.424001 0.048564 0.122815
0 0.908003 0.320641 0.082763 0.229822
0 0.890561 0.181411 0.028728 0.046208
0 0.073187 0.143107 0.020520 0.035264
0 0.138509 0.130339 0.017100 0.026752
0 0.229822 0.146147 0.027360 0.034048
0 0.320793 0.129123 0.019152 0.034048
0 0.340971 0.153443 0.028044 0.041344
0 0.478112 0.131555 0.020520 0.034048
0 0.440720 0.175660 0.021432 0.054314
0 0.646147 0.159852 0.021888 0.035669
0 0.691974 0.143639 0.016872 0.047018
0 0.733926 0.120535 0.015048 0.038101
0 0.892385 0.120130 0.012768 0.034048
0 0.896033 0.153367 0.018240 0.038912