0 0.297196 0.358337 0.093707 0.268734
0 0.369699 0.391777 0.043092 0.111871
0 0.429891 0.290850 0.080027 0.214014
0 0.510260 0.231874 0.031464 0.076607
0 0.474350 0.175939 0.026676 0.054720
0 0.374487 0.145539 0.021204 0.044992
0 0.356654 0.116062 0.011726 0.032245
0 0.519347 0.128710 0.020520 0.036480
0 0.253322 0.137396 0.025894 0.036480
0 0.100889 0.139133 0.021986 0.038217
0 0.172220 0.119590 0.021008 0.030400
0 0.698652 0.153464 0.021497 0.044297
0 0.750440 0.139567 0.015634 0.035611
0 0.793922 0.110905 0.015634 0.033874
0 0.970295 0.113945 0.022474 0.036480
0 0.977868 0.146082 0.019054 0.046902
0 0.982754 0.184733 0.027848 0.063405