0 0.187415 0.365025 0.056088 0.131327
0 0.696990 0.239778 0.042408 0.077823
0 0.479467 0.160982 0.052009 0.136678
0 0.435705 0.186883 0.025992 0.066879
0 0.406799 0.145539 0.036581 0.130111
0 0.145349 0.211202 0.052668 0.173887
0 0.114569 0.248290 0.033516 0.089983
0 0.090287 0.189314 0.043776 0.159295
0 0.041724 0.083523 0.023256 0.040128
0 0.106703 0.095075 0.025992 0.046208
0 0.162107 0.116355 0.016416 0.027968
0 0.284884 0.088995 0.015732 0.041344
0 0.354993 0.150403 0.023256 0.044992
0 0.356019 0.121827 0.018468 0.046208
0 0.421163 0.102318 0.013933 0.027022
0 0.422810 0.081376 0.014693 0.023869
0 0.511729 0.090158 0.014693 0.030625
0 0.522496 0.075746 0.013427 0.024320
0 0.630035 0.085204 0.013680 0.028823
0 0.684881 0.074170 0.011400 0.026572
0 0.756827 0.084303 0.015960 0.023419
0 0.835487 0.072593 0.014693 0.026121
0 0.879440 0.086555 0.012920 0.027923