0 0.036223 0.205620 0.038810 0.056346
0 0.163648 0.150424 0.036223 0.054046
0 0.362872 0.303938 0.046572 0.096593
0 0.287516 0.207345 0.032988 0.075895
0 0.341203 0.149274 0.030401 0.058646
0 0.880848 0.410475 0.057788 0.123280
0 0.974133 0.266159 0.042928 0.087079
0 0.978261 0.149728 0.030270 0.047942
0 0.607870 0.215771 0.033572 0.064575
0 0.776555 0.137008 0.025316 0.049899
0 0.471715 0.129527 0.017669 0.041196
0 0.583234 0.150898 0.021725 0.045831
0 0.460997 0.088846 0.012455 0.031927
0 0.541668 0.082924 0.008111 0.023173
0 0.578889 0.104294 0.010717 0.031927
0 0.588593 0.088846 0.012745 0.030897
0 0.646236 0.122575 0.017380 0.036562
0 0.638125 0.087301 0.015642 0.023688
0 0.638759 0.074821 0.011236 0.019568
0 0.707554 0.082566 0.010319 0.024460
0 0.795038 0.072375 0.011466 0.021199
0 0.826110 0.082566 0.015364 0.022830
0 0.930678 0.083382 0.009861 0.022830
0 0.929646 0.074413 0.014218 0.017938