0 0.020914 0.848805 0.041827 0.158503
0 0.879472 0.876200 0.092460 0.195683
0 0.716291 0.535712 0.052284 0.111539
0 0.638415 0.410475 0.036324 0.084144
0 0.598514 0.346878 0.026968 0.058705
0 0.580352 0.302850 0.023665 0.046964
0 0.568244 0.267138 0.021464 0.047942
0 0.558888 0.239742 0.017061 0.038158
0 0.546505 0.222130 0.013209 0.038158
0 0.384975 0.225066 0.017061 0.042072
0 0.370666 0.246591 0.010457 0.051856
0 0.353605 0.269094 0.010457 0.045985
0 0.333792 0.301382 0.018162 0.057726
0 0.305999 0.349324 0.034122 0.061640
0 0.269125 0.421238 0.035223 0.072403
0 0.190699 0.535223 0.045680 0.106647