0 0.142543 0.551856 0.085856 0.188834
0 0.973583 0.637956 0.052834 0.184920
0 0.804073 0.337094 0.050633 0.109582
0 0.737755 0.207943 0.036874 0.093928
0 0.294166 0.299914 0.048982 0.115453
0 0.345349 0.194246 0.041277 0.074359
0 0.368465 0.119397 0.033572 0.075338
0 0.400729 0.074317 0.022702 0.053813
0 0.417584 0.039767 0.020638 0.038525
0 0.438910 0.010864 0.026142 0.021728
0 0.610897 0.013921 0.028894 0.027842
0 0.632051 0.042519 0.023734 0.046475
0 0.652862 0.082879 0.023390 0.052590
0 0.696375 0.136386 0.029926 0.055647