0 0.044579 0.919999 0.089158 0.160001
0 0.211062 0.646273 0.068795 0.135021
0 0.207485 0.513209 0.053935 0.090014
0 0.916621 0.905063 0.086406 0.179050
0 0.738855 0.641870 0.063291 0.118388
0 0.599497 0.492024 0.040097 0.087358
0 0.535419 0.422836 0.031449 0.069188
0 0.483922 0.366927 0.030663 0.055210
0 0.441269 0.327790 0.026339 0.052415
0 0.415520 0.273279 0.028304 0.101336
0 0.194984 0.426331 0.034594 0.066392
0 0.186925 0.369373 0.034987 0.055909
0 0.177687 0.330935 0.027518 0.046125
0 0.174739 0.271881 0.033415 0.095745