0 0.094662 0.441784 0.071547 0.136978
0 0.881398 0.543539 0.084205 0.166330
0 0.914695 0.267138 0.046230 0.106647
0 0.951293 0.112548 0.026968 0.042072
0 0.918547 0.074390 0.012108 0.034244
0 0.551734 0.204030 0.030270 0.068489
0 0.760319 0.162936 0.025867 0.058705
0 0.506329 0.150217 0.022014 0.050878
0 0.549257 0.117440 0.025316 0.045985
0 0.411668 0.114994 0.020914 0.045007
0 0.326637 0.144836 0.020363 0.051856
0 0.627000 0.081908 0.010599 0.030802
0 0.663793 0.108905 0.015695 0.031164
0 0.665729 0.076110 0.014269 0.022830
0 0.749913 0.071037 0.011822 0.023554
0 0.761430 0.120501 0.023033 0.039137
0 0.776106 0.086800 0.011619 0.024642
0 0.789152 0.080821 0.012434 0.029352
0 0.831652 0.100933 0.017938 0.032614
0 0.842965 0.075567 0.011211 0.023917
0 0.849487 0.065782 0.008765 0.020293