0 0.241882 0.260289 0.047881 0.118388
0 0.913869 0.541583 0.094111 0.168287
0 0.932031 0.240231 0.076500 0.236776
0 0.496423 0.151948 0.047331 0.174610
0 0.539901 0.171742 0.037424 0.091971
0 0.578426 0.123800 0.039626 0.154589
0 0.641442 0.099340 0.029169 0.056748
0 0.806824 0.049930 0.020914 0.044029
0 0.862686 0.041124 0.018162 0.038158
0 0.915795 0.017153 0.018712 0.029352
0 0.653275 0.028894 0.017611 0.033266
0 0.610347 0.062160 0.024216 0.037180
0 0.525157 0.046105 0.012166 0.031927
0 0.508936 0.017782 0.013904 0.032957
0 0.424210 0.036063 0.019987 0.036562
0 0.349332 0.016752 0.019118 0.029867
0 0.299221 0.032201 0.013324 0.028837
0 0.191611 0.019327 0.013035 0.023688
0 0.170611 0.034518 0.011586 0.029352
0 0.027083 0.041727 0.012455 0.033472
0 0.015497 0.024219 0.011876 0.029352