0 0.294717 0.360087 0.091910 0.269064
0 0.367089 0.381612 0.047331 0.118388
0 0.427628 0.287195 0.068244 0.221122
0 0.511282 0.229958 0.035223 0.051856
0 0.978261 0.192778 0.034673 0.061640
0 0.976610 0.150217 0.022565 0.035223
0 0.970556 0.112059 0.023665 0.037180
0 0.794717 0.110102 0.020914 0.033266
0 0.749862 0.126246 0.015960 0.053813
0 0.694001 0.156577 0.023115 0.045985
0 0.518469 0.127787 0.024280 0.037410
0 0.472822 0.177571 0.019101 0.048345
0 0.370682 0.147643 0.020072 0.041439
0 0.358704 0.115413 0.016834 0.031079
0 0.253488 0.134406 0.021367 0.042590
0 0.169802 0.116277 0.015216 0.027050
0 0.099712 0.136996 0.020072 0.039712