0 0.073198 0.146793 0.017611 0.034244
0 0.135388 0.123800 0.014309 0.045007
0 0.223170 0.146303 0.020363 0.041093
0 0.321134 0.119886 0.022565 0.041093
0 0.340947 0.150706 0.021464 0.038158
0 0.310402 0.308231 0.075949 0.226014
0 0.370666 0.341497 0.043478 0.092949
0 0.416070 0.262245 0.060539 0.184920
0 0.478261 0.220663 0.035223 0.058705
0 0.441387 0.175656 0.018712 0.052834
0 0.475784 0.132116 0.020363 0.042072
0 0.645019 0.158044 0.018712 0.060662
0 0.690424 0.146793 0.015960 0.042072
0 0.735278 0.118908 0.017611 0.027396
0 0.897633 0.405583 0.097964 0.309179
0 0.886351 0.431022 0.044579 0.111539
0 0.902036 0.329267 0.079252 0.232862
0 0.984590 0.297958 0.030820 0.088057
0 0.894331 0.186418 0.029719 0.033266
0 0.895432 0.156577 0.025316 0.044029
0 0.891304 0.122332 0.020363 0.036201