0 0.106494 0.587079 0.020363 0.044029
0 0.123830 0.551367 0.022014 0.039137
0 0.137589 0.530820 0.014309 0.031309
0 0.312053 0.524460 0.011007 0.034244
0 0.337094 0.543539 0.013759 0.041093
0 0.392955 0.566532 0.025316 0.044029
0 0.572097 0.636978 0.037975 0.077295
0 0.674739 0.658014 0.078151 0.252431
0 0.746560 0.790589 0.069895 0.159481
0 0.608145 0.569957 0.023115 0.048921
0 0.582003 0.525928 0.017061 0.035223
0 0.731976 0.546964 0.022014 0.034244
0 0.730050 0.522993 0.019263 0.037180
0 0.843148 0.531798 0.017611 0.035223
0 0.916346 0.515165 0.015410 0.039137