0 0.142818 0.568000 0.082003 0.176114
0 0.293065 0.297468 0.044579 0.108604
0 0.341772 0.196692 0.040726 0.079252
0 0.370391 0.125268 0.027518 0.065554
0 0.402312 0.075368 0.017611 0.049899
0 0.418822 0.034275 0.018712 0.049899
0 0.442212 0.011512 0.020363 0.023023
0 0.614474 0.013468 0.034673 0.026936
0 0.631260 0.043570 0.016511 0.041093
0 0.655201 0.080261 0.018162 0.057726
0 0.697028 0.137498 0.028068 0.076316
0 0.734728 0.209411 0.034122 0.075338
0 0.804623 0.341986 0.045129 0.107626
0 0.970831 0.623769 0.058338 0.219165