0 0.022289 0.848315 0.044578 0.149697
0 0.191800 0.533266 0.047881 0.112518
0 0.266648 0.416835 0.040176 0.075338
0 0.305173 0.341986 0.028068 0.066532
0 0.337369 0.305296 0.026417 0.045985
0 0.355256 0.271051 0.021464 0.042072
0 0.370941 0.254418 0.015410 0.038158
0 0.384150 0.222130 0.013209 0.034244
0 0.545405 0.219195 0.013209 0.034244
0 0.557788 0.246591 0.013759 0.040115
0 0.568244 0.271051 0.014860 0.051856
0 0.580352 0.304317 0.023665 0.049899
0 0.598789 0.348346 0.023115 0.069467
0 0.636489 0.410475 0.034673 0.080230
0 0.714915 0.543539 0.047331 0.103712
0 0.881948 0.871308 0.095212 0.211337