0 0.269400 0.717208 0.043478 0.106647
0 0.502752 0.612518 0.053385 0.190791
0 0.633462 0.627683 0.041827 0.078273
0 0.670061 0.567021 0.051183 0.150676
0 0.709136 0.583165 0.022565 0.057726
0 0.698404 0.547453 0.017611 0.046964
0 0.758943 0.518590 0.018712 0.044029
0 0.888277 0.542072 0.016511 0.045985
0 0.934783 0.527885 0.017061 0.031309
0 0.973308 0.519568 0.015960 0.038158
0 0.621079 0.522504 0.013759 0.034244
0 0.585856 0.504403 0.010457 0.025439
0 0.506879 0.509784 0.007705 0.020547
0 0.450468 0.501468 0.011558 0.021525
0 0.397083 0.508317 0.015960 0.027396
0 0.257017 0.508317 0.016511 0.025439
0 0.277931 0.502935 0.011007 0.020547
0 0.114750 0.516144 0.008255 0.025439
0 0.107320 0.500978 0.011007 0.034244