0 0.033847 0.660460 0.067694 0.173179
0 0.179141 0.427108 0.051183 0.097841
0 0.918272 0.611539 0.072097 0.147740
0 0.756467 0.408518 0.051183 0.091971
0 0.659879 0.295512 0.030820 0.079252
0 0.578151 0.230936 0.021464 0.061640
0 0.512383 0.168807 0.019813 0.064575
0 0.452944 0.132606 0.017611 0.048921
0 0.343148 0.118419 0.017061 0.034244
0 0.233076 0.099829 0.021464 0.040115
0 0.209686 0.341986 0.037424 0.080230
0 0.253440 0.257353 0.032471 0.067511
0 0.235278 0.201584 0.028068 0.049899
0 0.218492 0.163915 0.024216 0.048921
0 0.189323 0.146793 0.018712 0.049899