0 0.134012 0.756344 0.082003 0.169266
0 0.701156 0.706935 0.075949 0.152633
0 0.593836 0.494130 0.044029 0.108604
0 0.564667 0.393842 0.034122 0.090014
0 0.542928 0.330734 0.028068 0.069467
0 0.234177 0.522014 0.046780 0.109582
0 0.274078 0.391396 0.040726 0.083165
0 0.300495 0.332202 0.030820 0.066532
0 0.314805 0.292087 0.025316 0.052834
0 0.321265 0.267459 0.021727 0.046628
0 0.327116 0.236405 0.019119 0.043224
0 0.334893 0.218517 0.012658 0.040715
0 0.345302 0.208201 0.011462 0.029867
0 0.531370 0.297468 0.021464 0.053813
0 0.346486 0.194420 0.011007 0.033606
0 0.345529 0.162302 0.018664 0.069765
0 0.508961 0.162302 0.023929 0.073168
0 0.525352 0.265887 0.022254 0.048921
0 0.514584 0.245893 0.016511 0.040413
0 0.510277 0.226112 0.014118 0.034032
0 0.514584 0.207394 0.011725 0.028927
0 0.511952 0.196547 0.014118 0.030203