0 0.210787 0.703510 0.072647 0.177093
0 0.237755 0.529352 0.051734 0.110561
0 0.840947 0.655079 0.063841 0.150676
0 0.743258 0.505870 0.052284 0.116431
0 0.614199 0.410475 0.039626 0.080230
0 0.542653 0.359108 0.030820 0.077295
0 0.488993 0.317037 0.025867 0.067511
0 0.454320 0.290130 0.018162 0.062618
0 0.225371 0.433957 0.043478 0.084144
0 0.227573 0.380634 0.030270 0.069467
0 0.213780 0.332716 0.031990 0.061690
0 0.429554 0.269584 0.018162 0.054791
0 0.401761 0.249037 0.023115 0.054791
0 0.379196 0.205987 0.027518 0.095885
0 0.223755 0.300270 0.020982 0.054424
0 0.212404 0.276727 0.021670 0.039137
0 0.218939 0.247680 0.021670 0.047086
0 0.217391 0.203346 0.032334 0.097841