0 0.136764 0.749985 0.079802 0.170244
0 0.231976 0.521525 0.048982 0.114474
0 0.273803 0.391885 0.036874 0.080230
0 0.300495 0.333180 0.029719 0.062618
0 0.316350 0.295464 0.021803 0.053719
0 0.696753 0.695683 0.077050 0.173179
0 0.594662 0.484345 0.043478 0.112518
0 0.566043 0.395310 0.032471 0.069467
0 0.544304 0.333180 0.027518 0.070446
0 0.532196 0.298447 0.029719 0.053813
0 0.524491 0.264691 0.025316 0.050878
0 0.515685 0.244145 0.016511 0.045007
0 0.324076 0.263055 0.016934 0.049297
0 0.327569 0.236148 0.018416 0.048168
0 0.336036 0.218085 0.013336 0.039889
0 0.344714 0.206608 0.011219 0.036502
0 0.346937 0.196071 0.012701 0.031987
0 0.345667 0.159945 0.022014 0.069618
0 0.510774 0.164649 0.024978 0.065478
0 0.511304 0.224106 0.013336 0.030858
0 0.514479 0.208865 0.012912 0.030481
0 0.510880 0.198329 0.010795 0.033492