0 0.145294 0.913869 0.078151 0.171222
0 0.748487 0.911683 0.088057 0.176634
0 0.641167 0.632575 0.042928 0.103712
0 0.604568 0.514187 0.037975 0.084144
0 0.267749 0.650676 0.048982 0.120345
0 0.310677 0.549899 0.041277 0.087079
0 0.583104 0.440317 0.031370 0.065554
0 0.342598 0.461353 0.030270 0.068489
0 0.359108 0.408518 0.028068 0.074359
0 0.379196 0.378677 0.020914 0.067511
0 0.394882 0.362044 0.019263 0.053813
0 0.412493 0.336605 0.022565 0.045985
0 0.561915 0.394821 0.024216 0.052834
0 0.421299 0.326805 0.013209 0.042561
0 0.434232 0.312129 0.015410 0.038647
0 0.448679 0.298676 0.014584 0.036201
0 0.554210 0.373769 0.020363 0.041583
0 0.551871 0.351266 0.017887 0.040604
0 0.546918 0.340259 0.016786 0.035223
0 0.545267 0.326316 0.015135 0.038647
0 0.543753 0.308460 0.011007 0.027396
0 0.538938 0.301367 0.012933 0.032777