0 0.201156 0.297468 0.042378 0.098820
0 0.674463 0.229469 0.035773 0.086100
0 0.812328 0.159023 0.028619 0.062618
0 0.932306 0.111570 0.027518 0.044029
0 0.750413 0.109613 0.023665 0.042072
0 0.122374 0.200305 0.035611 0.065036
0 0.189873 0.099586 0.019748 0.046619
0 0.222733 0.041457 0.011007 0.024748
0 0.182913 0.038579 0.009712 0.018993
0 0.127230 0.044910 0.010360 0.022446
0 0.053903 0.040881 0.013921 0.029352
0 0.031888 0.074838 0.029460 0.092662
0 0.326654 0.040306 0.010360 0.020144
0 0.385089 0.088363 0.022986 0.047194
0 0.333111 0.035290 0.007531 0.022658
0 0.418706 0.040698 0.008980 0.026263
0 0.489963 0.166604 0.030994 0.059735
0 0.530226 0.108414 0.028097 0.040166
0 0.500101 0.072882 0.017090 0.035017
0 0.549778 0.060008 0.013904 0.031927
0 0.584248 0.043272 0.010428 0.019053
0 0.659415 0.086014 0.015931 0.038622
0 0.704168 0.061811 0.023173 0.039652
0 0.663616 0.046105 0.020276 0.031927
0 0.533557 0.054601 0.015642 0.025233
0 0.490277 0.048526 0.010549 0.022422
0 0.492226 0.035684 0.010319 0.022830