0 0.965327 0.897007 0.069345 0.205986
0 0.854706 0.335137 0.051734 0.119366
0 0.967254 0.233382 0.035773 0.076316
0 0.416070 0.255886 0.030820 0.095885
0 0.636214 0.190332 0.029719 0.068489
0 0.349752 0.180059 0.033572 0.075338
0 0.125206 0.174677 0.032471 0.068489
0 0.236654 0.130649 0.020914 0.056748
0 0.400936 0.134562 0.025867 0.062618
0 0.516786 0.119397 0.015410 0.042072
0 0.472757 0.095579 0.012108 0.024786
0 0.511099 0.079924 0.013209 0.033918
0 0.590350 0.076337 0.014676 0.030657
0 0.621537 0.134389 0.017611 0.047616
0 0.623739 0.098188 0.013209 0.030005
0 0.636397 0.085142 0.014309 0.030005
0 0.684855 0.112329 0.018765 0.032197
0 0.807742 0.126562 0.031187 0.037180
0 0.754907 0.078293 0.010640 0.020221
0 0.684802 0.082303 0.009828 0.020966
0 0.686375 0.073741 0.009828 0.017821
0 0.842342 0.070596 0.009238 0.025509
0 0.875265 0.079332 0.013759 0.024810
0 0.981307 0.082827 0.014349 0.022014
0 0.980128 0.071295 0.010811 0.019219