0 0.036048 0.566043 0.072096 0.181985
0 0.115025 0.278389 0.055036 0.097841
0 0.961475 0.508317 0.077050 0.174158
0 0.567144 0.210879 0.036874 0.078273
0 0.479637 0.071944 0.024766 0.048921
0 0.406714 0.049440 0.019813 0.050878
0 0.343148 0.083685 0.025867 0.039137
0 0.280682 0.115483 0.026417 0.049899
0 0.290864 0.057268 0.020363 0.035223
0 0.224787 0.031512 0.014791 0.030575
0 0.203976 0.049857 0.015135 0.030575
0 0.181274 0.030289 0.013071 0.024460
0 0.123659 0.098472 0.029238 0.049532
0 0.111447 0.063616 0.013759 0.040971
0 0.099236 0.025397 0.014103 0.023237
0 0.083758 0.040684 0.014103 0.026906
0 0.061571 0.033958 0.014447 0.022014
0 0.051596 0.050163 0.013071 0.026295
0 0.004300 0.035487 0.008599 0.029964