0 0.214364 0.973812 0.059989 0.052376
0 0.299395 0.757323 0.050633 0.114474
0 0.648872 0.959136 0.060539 0.081728
0 0.639516 0.779337 0.055036 0.117410
0 0.623830 0.650187 0.046780 0.093928
0 0.341772 0.641381 0.045129 0.082187
0 0.364887 0.568000 0.037424 0.072403
0 0.380297 0.516144 0.031921 0.064575
0 0.603808 0.561387 0.030951 0.080703
0 0.588699 0.514517 0.026050 0.049580
0 0.591359 0.473094 0.025867 0.054791
0 0.581938 0.441931 0.021228 0.048455
0 0.564510 0.416306 0.020966 0.038205
0 0.550096 0.393710 0.013104 0.037739
0 0.543282 0.379033 0.014152 0.034477
0 0.537647 0.358067 0.010745 0.031682
0 0.533061 0.345255 0.010483 0.028421
0 0.527819 0.335937 0.009959 0.024693
0 0.524412 0.325454 0.009959 0.022364
0 0.518516 0.314738 0.008648 0.021432
0 0.505281 0.291675 0.012055 0.048921
0 0.429541 0.294471 0.013628 0.042398
0 0.399665 0.475710 0.020442 0.064762
0 0.409885 0.442863 0.017297 0.046591
0 0.411065 0.412346 0.018083 0.037739
0 0.421417 0.395806 0.014152 0.028887
0 0.425938 0.372072 0.009828 0.037218
0 0.427313 0.354861 0.012186 0.025858
0 0.432522 0.340709 0.009631 0.027605
0 0.435667 0.331274 0.008845 0.025509