0 0.145019 0.564086 0.087507 0.162417
0 0.294441 0.297468 0.048431 0.114474
0 0.342873 0.193267 0.037424 0.076316
0 0.370116 0.124778 0.036874 0.064575
0 0.401211 0.080261 0.026417 0.051856
0 0.420198 0.041613 0.025867 0.050878
0 0.437810 0.014447 0.019263 0.028894
0 0.613374 0.013468 0.037975 0.026936
0 0.632636 0.044059 0.021464 0.042072
0 0.655476 0.085153 0.019813 0.055770
0 0.698954 0.139944 0.028619 0.075338
0 0.735003 0.216749 0.043478 0.084144
0 0.811227 0.341497 0.053935 0.098820
0 0.972482 0.632086 0.055036 0.214273