0 0.036324 0.661438 0.072647 0.149697
0 0.180793 0.427597 0.058888 0.108604
0 0.208310 0.342475 0.039075 0.075338
0 0.250688 0.255886 0.037975 0.070446
0 0.237755 0.195713 0.037424 0.055770
0 0.220418 0.167339 0.020363 0.047942
0 0.186571 0.144347 0.017611 0.048921
0 0.235003 0.098361 0.027518 0.041093
0 0.345900 0.118419 0.021464 0.038158
0 0.455146 0.130649 0.019813 0.056748
0 0.515685 0.175167 0.025316 0.059683
0 0.578701 0.234850 0.031370 0.071424
0 0.658503 0.298936 0.039075 0.076316
0 0.757843 0.405583 0.042928 0.109582
0 0.917446 0.614964 0.082554 0.144805