0 0.664282 0.738244 0.064942 0.125237
0 0.896533 0.753409 0.124381 0.337553
0 0.932306 0.520057 0.022014 0.041093
0 0.857182 0.507827 0.020363 0.036201
0 0.780958 0.526906 0.018712 0.041093
0 0.679692 0.538647 0.019813 0.035223
0 0.679967 0.513698 0.011558 0.024460
0 0.607595 0.628172 0.060539 0.212316
0 0.527518 0.620834 0.028068 0.088057
0 0.562741 0.559683 0.020363 0.055770
0 0.541002 0.519079 0.016511 0.041093
0 0.361035 0.559194 0.027518 0.046964
0 0.304623 0.536201 0.014860 0.040115
0 0.278206 0.519568 0.011558 0.030331
0 0.082003 0.577295 0.023115 0.053813
0 0.097413 0.548921 0.022014 0.036201
0 0.104568 0.530331 0.014309 0.034244